UNet: 12.533021211624146
UNet++: 42.73024916648865
ContextGuidedNetwork: 1.4647822380065918
MobileNetV3 Small: 0.25736498832702637
MobileNetV3 Large: 0.5012381076812744
EffUNet: 2.561124086380005

-- Custom --
FastNestedUNet: 25.858460187911987
FastUNet: 9.039383172988892
QuickNet: 0.3719353675842285
NickNet: 0.8675038814544678